cpp
3220
682
742
678
682
673

v0
1475.534761
1459.351100
1470.289409
1486.191639
1481.782036
1465.544137
1486.881006
1456.967864
1487.935340
1479.512089
1475.980799
1462.842146
1464.774195
1460.443637
1463.678998
1464.177999
1474.461813
1473.692140
1522.373857
1493.725651


v1
1711.014958
1744.591566
1703.697354
1706.341776
1695.762779
1704.780050
1692.783091
1702.103698
1712.969873
1711.243178
1712.659458
1706.062820
1703.261818
1702.319277
1723.483237
1713.505552
1702.802890
1704.728899
1711.239778
1695.599819

v6
1531
1556
1566
1570
1557

v0 (enkel tijd in kernel)
1269.33
1253.25
1174.89
1174.64
1170.69

v2 (enkel tijd in kernel)
2279.13
2385.59
2473.36
2465.9
2393.54
2408.25
2453.83
2490.24
2493.89
2294.44

v3 (enkel tijd in kernel)
83.2986
88.946
86.1671
98.4443
75.1189

v4 (enkel tijd in kernel)
242.465
241.104
243.309
290.08
229.427


v5 (enkel tijd in kernel)
101.731
91.8131
88.7382
88.278
86.7261
101.935
80.0923
89.4961
88.0341
80.1706

