83557603
11103214
9243328
9258616
9591865
10616619
9208031
9143650
9114114
9646007
9492838
9813083
10123517
9232186
9617482
11931977
9903273
9793485
10140630
9437413
11594029
9274126
9410264
9601523
9515340
9231154
9440239
9493128
8972458
9045916
9436411
9014636
9020828
9144741
9406226
8815841
9219632
9312458
8822464
8831080
9305196
8828786
8818717
8837943
8950325
8953210
9052839
8998367
8826712
8948391
9205716
9047218
9040675
9173588
9023623
9062988
8943252
9350720
8896373
8843445
9281791
8868150
8881546
8905300
9282331
8931741
9080261
8945956
9377912
9049291
9754511
9314903
9092565
9096661
9409761
9251894
8849454
8901623
9399514
9199094
8867479
8854474
9324942
9224041
9011502
8890241
9285687
8797657
8943412
9042519
8844676
9157376
8796315
8843884
9356500
9116288
8996963
8921382
9190517
9059121
8964271
9512505
8932141
8926712
9454536
9448735
8929756
8944424
9344558
9159721
9132218
9363924
8918355
8935868
8880523
9333218
9479754
8913115
9403639
9157726
8867899
8933393
9461861
9574882
9039263
9634535
9549715
9015458
9468544
8880433
8964372
9402037
9424660
9084077
9119626
9182633
9050153
10263752
11126367
10290724
9064181
9927477
9091632
8843805
8842742
8879411
9266703
8821101
8845127
9275719
Total time: 1462842146 nanoseconds