84063806
10173431
9159429
9433806
9241754
10286915
9267723
9831559
9570875
9105869
9869047
9378592
9473681
9160691
9642080
9982542
10031844
9404772
10329375
9911898
11626390
9554525
9636180
12019862
11070773
9678869
9246723
9195087
9172925
10013972
9217368
9705028
9265379
9206929
9251172
9291268
9127328
9367504
9583880
9530419
9497978
9532703
9665333
9681012
9307689
9194307
9604779
9105618
9377721
9216557
9105949
9632672
9540568
9185570
9663479
9247144
9256733
9795218
9254187
10394308
9427135
9664833
10270604
11594401
10159956
12456085
10673284
12268683
9907359
11520301
12234928
10406581
11488220
11178756
9939281
11263216
12523331
9735365
9590412
9698987
9140393
9443296
9652549
9457231
9707252
11777856
9850031
9112852
9195979
9603007
9216617
9142157
9287250
9199315
9685461
9436852
9195287
9160433
9801620
9181711
9239771
9280657
9221997
9735736
9215244
9172356
9729273
9550206
9229171
9451389
9257284
9276620
9642821
9234752
9760763
9514970
9196700
9202701
9754771
9175560
9265770
9668331
9202981
9234381
9479212
9278173
9225063
9635156
9203374
9211177
9218330
9198453
9698926
9687455
9465697
8997524
8965915
8956127
8979209
9496805
9223891
8931770
9033222
9218881
9057317
8990633
9037489
8978137
9020748
8959823
Total time: 1522373857 nanoseconds