73455234
10642004
9109635
9154259
9416464
10074855
9837458
9217820
9417085
9855433
9442763
9198613
9963685
9648762
9417957
9575794
11728122
9677627
9630657
10865766
9994123
11892482
9229824
9528305
9210556
9848489
9209654
9550797
9140584
9190618
9164859
9164088
9586134
9549355
9722170
10160016
9161894
9693789
9228008
9658660
9611561
9207420
9196539
9597736
9176231
9293162
9313610
9168186
9649824
9497476
9192742
9196090
9617583
9166363
9168336
9157977
9185108
9612885
9602084
9392800
9166673
9211638
9131336
9723393
9370627
9160110
9730548
9242716
9213712
9461338
9180038
9193804
9793905
9249970
9144531
9740225
9427254
9206028
9616481
9136236
9175500
9475366
9237937
9726328
9537412
9134863
9744713
9377140
9237507
9633172
12678454
9120887
9173405
9743520
9148870
9113404
9587867
9321685
9212820
9204204
9665253
9588358
9737830
9283122
9861773
9156905
9259979
9527233
9273725
9747911
9256532
9366429
9776192
9234580
9338096
9217309
9709135
9190999
9551468
9696351
8989679
9000800
9356601
8961816
8974092
9046607
9247595
8943893
9148819
8985201
9115016
9276910
8996722
8941839
8931750
8925899
9002734
9009136
9073126
9270671
9548062
9185969
9295285
9174628
9601353
8961426
9466238
8937571
8906041
9460898
Total time: 1479512089 nanoseconds