86946441
10291263
9130435
9636128
11219095
11049603
9699658
9265619
9402398
9538955
10558517
10824380
9181010
9614397
11414110
9111128
9539986
11492798
9472549
9139723
9331052
9656927
9678448
9813542
11459796
9424198
9664802
9277673
9499962
9207800
9064230
9104255
9492417
9329510
9567860
9536450
9092425
9373082
9542552
9053680
9137889
9590112
9205116
9856874
9581707
9196349
9672997
9384684
9261241
9501414
9544806
9128350
9360620
9103886
9355299
9810096
9353295
9583930
9147316
9106189
9088506
9156536
9383812
9459175
9214824
9268044
9364216
9921937
9267102
9676855
9171142
9747368
9698606
9207580
9105648
9884837
9356651
9599869
9620881
9299824
9599780
9608977
9099567
9329399
9580123
9158307
9213301
9436594
9488961
9680471
9371669
9111088
9545247
9187783
9163637
9472963
9179357
9205676
9634284
9452191
9498398
9741186
9232687
9229924
9460768
9232427
9705339
9250782
9351371
9779889
9436762
9662698
9696734
9313310
9235803
9712312
9184827
9012502
9095880
9227929
9434780
9923981
9874868
9011080
9410562
9019746
9265349
9099747
9037689
9033995
9462180
8907744
9005830
9125515
8950956
8940507
9007583
9445379
9329561
9050995
8967677
8978869
9222197
8985652
9245021
9086021
9005199
8896564
8909768
8980211
Total time: 1493725651 nanoseconds