84101006
10188260
9270970
9480996
9574572
9666105
12510908
9118912
9574913
9114174
9371970
9742521
9600932
9782554
10119469
10445714
11796461
9672116
9845663
9248397
9816288
12080759
9722461
9111920
9113182
9131347
9234070
9199214
9706661
9273314
9260911
9195619
9328097
9093866
9754461
12703751
9095879
9136786
9237887
9073276
9224252
9723284
9424349
9116569
9480234
9173706
9201959
9105186
9567037
9273474
9125666
9148709
9163329
9133180
9594029
9397849
9234571
9581294
9142377
9306426
9635557
9084027
9736337
9186762
9300535
9160191
9620218
9176822
9291969
9650686
9156624
9648041
9131146
9270100
9760582
9479893
9517524
9704767
9415262
9486636
9126036
9184086
9129503
8914217
9319321
9361800
9074439
9721328
9257814
9954328
8917734
9444917
9428136
9189305
9160242
8993987
8933433
8960174
9210997
9408779
8985050
8996592
9553351
9371639
9150543
9295878
9148439
8982155
9028362
9524498
9395885
9194435
9553392
9013595
8961676
8998356
9468174
9008685
9477760
9035175
9206458
8994408
9244991
8960595
9003646
9337936
9021940
8914619
8995329
9462511
8968800
9010889
8976123
9474995
9237366
8859654
9070902
9033642
9191211
8943603
9115647
8929686
9737960
9086561
9585142
9085360
8988146
9132389
8905310
9038403
Total time: 1481782036 nanoseconds