81610860
9954831
9186861
9216878
10196194
10219869
9822178
9152406
9586305
9068558
9379765
9662978
9604839
9073107
9221147
9882352
12335718
9804305
9128932
9173506
9876181
9308460
10038406
9788184
11496756
9936815
9556769
9523387
9703355
9414230
9688908
9596534
9083646
9162194
9706491
9097152
9565735
9276961
9114795
9575174
9511143
9122681
9136316
9700820
9197872
9200597
9423287
9090098
9537362
9654303
9106650
9141926
9311566
9109556
9602777
9204925
9136796
9206207
9343517
9084959
9130044
9633563
9396126
9141606
9614607
9124092
9239981
9267523
9408972
9658740
9610760
9269116
9174287
9650375
9339017
9612674
12071079
9157615
9085931
9811789
9353896
9172927
9659973
9421693
9142357
9714986
9654833
9213962
9621130
9100839
9577628
9356671
9175820
9174548
9569732
9093747
9112691
9418287
9232798
9102673
9815296
9396106
9806940
9557750
9230183
9783185
9543804
9215364
9264819
9264979
9178615
9230073
9472128
9187893
9853228
9474434
9174778
8985592
8953441
8969291
9480245
9423708
8947401
8973830
9390876
9178806
8962247
9413739
9604709
11624236
9584160
9762486
8956056
9394282
9517364
9235883
8880636
9266491
9136066
8941288
9254639
8977747
9000520
8848733
9100027
9300114
8888208
9433917
9445819
9328328
Total time: 1487935340 nanoseconds