78279118
9966110
9093825
9185228
10359492
10220130
12188630
10048245
9183024
9177573
9924962
9711791
9286410
9149801
9634936
11517906
9384183
10011686
12144457
9719124
9873145
10647775
10019122
9110837
9579842
9533003
9896689
9347564
9631690
9135594
9160711
9182102
9651407
9171183
9207550
9231726
9260149
9073888
8912644
9096370
9111860
9220996
9384053
9357072
9016600
9027623
8957008
9316054
9025567
9325533
9146255
9458674
9017863
8922042
8874151
8933623
9603848
9345260
8967688
9265870
9125185
8922432
9256392
9411614
8922222
8901864
9015869
8984109
9042410
8908497
9379855
9365187
8999838
8995890
9045465
9638022
9901829
9168958
9681333
9306067
9428738
9001512
8956847
9428887
9237236
9148649
9260320
8909228
8898257
9337986
9357613
8920791
8926550
8922282
9423087
8923996
8956697
9348396
8912794
8929215
9001051
9006511
9068348
8999460
9028713
9560195
9056084
9397097
9605139
9327527
9285617
9550376
8974380
8970533
9480395
8964362
9018223
9025487
9340931
9186750
9058680
9051555
8973278
8977466
9306506
9387800
9001042
9050875
9153037
9204244
9008164
9876731
10668144
8986423
8911762
8930106
8880223
9423797
8982808
8970233
8921661
9405292
9057277
9015167
9531762
9203102
8944334
9177473
8915820
8928345
Total time: 1465544137 nanoseconds