80258181
10348842
9172033
9578288
9542912
9627562
11773879
9135744
9102923
9259268
9915174
9316846
10165016
9773348
9415872
10221492
11718143
10194160
10284641
12007058
11329470
9795709
9658741
9533124
9647038
9505942
9497327
9063440
8994378
9070402
9631490
9299633
9359747
9187883
9537382
9071764
9400303
9173165
9066253
9585682
9066474
9089458
9097002
9479424
9286699
9107161
9084669
9541589
9080591
9578809
9182813
9125706
9234541
9531110
9109866
9237346
9145984
9198462
9596724
9489062
9272472
9471708
9094086
9091901
9713074
9327466
9305465
9112561
10021063
10528580
9139732
9172093
9818031
9471518
9492018
9112641
9585933
9105427
9584241
9033542
9113102
9071734
9536731
9278894
9818331
9042929
9327295
9235202
8875694
8915749
8928275
9304794
9133039
9040054
9112430
9143660
8990971
8862629
8928584
9095629
9154339
9292921
8929015
9430450
8926450
9556227
9310024
8918616
8971215
9397699
8929235
9272853
9506534
9355449
9001130
9279014
8978388
9134692
9254939
9398790
8933673
8924316
9883245
12300883
8894330
8899519
8913536
8926370
8936919
8865675
8919126
9333528
9267282
9269196
9336904
8907084
8841119
9384443
8902296
8873752
8847561
9317758
8899399
8929595
8911481
9331503
8962628
8937080
8842642
9352092
Total time: 1475980799 nanoseconds