79669202
9969076
9522444
9241175
9644414
9608767
9308370
9709276
9179406
9462723
9427876
10542317
9602595
9171913
9844592
11757668
9403009
9786371
9544496
9251966
9981400
10386754
10053365
9088035
9065211
9169630
9252284
9105197
9113723
9558422
9159852
9507566
9123622
9525599
9267452
9460878
9106350
9271251
9122059
9097002
9121628
9082965
9128132
9152797
9563361
9348205
9324781
9625929
9759101
9537452
9732880
9317848
9693436
9585375
9661696
9130695
9247916
9128210
9417687
9126759
9150883
9584501
9098555
9154800
9150644
9264888
9557680
9292069
9587767
9103403
9602807
9123732
9147026
10734439
9466378
9202371
9154001
9164138
9727149
9329149
9127770
9120217
9636319
9121588
9508758
9334038
9220324
9170402
9567499
9091912
9172544
9273775
9104397
9154861
9640907
9954107
9214493
9548944
9178327
9351902
9329250
9230824
9612714
9190760
9641018
9235032
9273925
9285567
9381578
9201821
9204274
9667697
9191460
9532522
9754210
9394314
10033588
9047408
9292250
9191750
9334941
9198744
9165310
9199525
9196650
9226526
9351253
9161193
9202641
9613235
9115266
8960845
9281832
9180819
8971485
9379805
8960604
9102993
8985764
9013795
9360458
8984950
8989308
9404001
9190600
8943372
9194386
8931980
9106940
8896204
Total time: 1475534761 nanoseconds