78244306
10878432
10044308
10108540
11089349
10959273
10224789
9963386
10091316
10070737
10330919
10500828
11358505
11221419
11489653
12890766
10507150
10394428
12912297
10620534
10149717
10007039
10093370
10072872
10138286
10153673
10114570
10086710
10130260
10208867
10128769
10161188
10180214
10239617
10187988
10268280
10257331
10325037
10375372
10363111
10392123
10445825
10496703
10438561
10467165
10529934
10635071
10590297
10733819
10711355
10758584
10963171
10857361
10936450
10841672
10885944
10926511
11012444
11053090
11217251
12351879
11393070
13717284
12084875
11282414
11189056
11165672
11149463
11164901
11074811
10975635
10938784
10976505
10978741
11040576
10872430
10710275
10803760
10732846
10736414
10739238
10648258
10668224
10503403
10523943
10591530
10516959
10506621
10467455
10433141
10340207
10394969
10380511
10467147
10518161
10567634
10618932
10592521
10696798
10724452
10792529
10846991
10889984
10890503
11001252
11177506
12021104
11472622
11203072
11172875
11162989
11208222
11197933
11311168
11400184
11384706
11355170
11477880
11319724
11364617
11319051
11349260
11333388
11327697
11403432
11287100
11289595
11276192
11277132
11306619
11272423
11363835
11290609
11317568
11287411
11255683
11410353
11258617
11290779
11291680
11307401
11289976
11268666
11265272
11219523
11246344
11243501
11279827
11360259
11426515
Total time: 1702802890 nanoseconds