80773801
10877419
10005134
10209960
10883449
10935648
10218736
10071318
10038837
10059496
10098189
10395189
11135505
11070953
11194997
13028564
10651212
10401481
10661731
10164684
10089954
10043566
10169483
10096847
10273871
10257299
11348466
10213067
10142001
10157191
10209990
10234667
10167420
10230098
10179402
10249595
10252570
10321841
10264693
10314907
10432119
10453970
10649910
10562745
10549791
10597511
10554510
10575850
10667913
10735480
10834938
10794652
10810132
10859053
10878661
10938754
10953552
10980613
11085771
11161303
11201579
11206859
11231646
11225535
11250111
11191471
11139021
11159470
11137309
11035617
11023554
11952365
12000626
11113884
11463794
10981434
10760639
10906022
10709341
10766510
10676039
10688633
10689374
10437248
10549330
10650571
10476472
10622608
10451817
10367949
10364822
10358390
10431107
10458929
10476242
10615705
10603182
10618280
10663194
10678884
10843334
10913016
10868772
10904169
11031409
11012674
11058880
11075562
11098265
11079098
11370969
11146526
11180790
11249489
11218100
11286079
11303591
12187889
12382466
11592536
11391177
11410934
11382781
11317337
11273826
11259479
11282312
11322598
11331124
11337285
11342095
11346753
11319081
11267955
11333939
11347685
11295777
11299264
11240152
11430401
11316386
11293352
11297901
11286840
11233701
11251093
11288132
11276491
11292481
11336033
Total time: 1702103698 nanoseconds