77353085
10977108
9986288
10035892
10106918
11215586
10121604
11030749
10078382
10054888
10247182
10150738
10475973
11390726
10241820
12766531
11154631
10402804
10209731
10148314
10447036
11927941
11308110
10712819
9944100
10116563
10185325
10211293
10167730
10325048
10154206
10246339
10208539
10238103
10217534
10213508
10236921
10270154
10371366
11366951
11416194
11020520
10537247
10509164
10500870
10644659
10570229
10662305
10953792
10741764
10855968
10841591
10836393
10851138
10893078
10904702
10939515
11121759
11060465
11087605
11199868
11223420
11285158
11209246
11270179
11252416
11238791
11141667
11180321
11020248
10987396
10970155
10987767
10916352
10923857
10908256
10771830
10794603
10804080
10797208
10716676
10758545
10843106
11572178
12814090
11826970
13080122
11373766
10595898
10422691
10375804
10370983
10455923
10537569
10498003
10485249
10578266
10576942
10591360
10643437
10800633
10862221
10947401
11084579
10992207
11169249
11204455
11320025
12820562
11224013
13970120
11423358
11272495
11202321
11267234
11477310
11283123
11234444
11294805
11278795
11337277
11296238
11333500
11331995
11289546
11254512
11326285
11268136
11347596
12137734
12293651
11881261
11364507
11348208
11264287
11249451
11292401
11276932
11359800
11251113
11333138
11254451
11297340
11204845
11261815
11225394
11200790
11259259
11212020
11265592
Total time: 1713505552 nanoseconds