89243185
12946291
11165652
10456665
10189122
11094447
10328104
10012918
10002458
10063055
10700976
11595744
12378079
11656658
10295402
10425377
11140345
10507212
10034108
10549312
9982361
10029469
10071541
10091597
10010684
10047254
10036052
10016225
10087260
10080025
10161861
10099392
10159224
10136032
10182669
10218075
10217356
10230519
10372647
10330198
10348060
10639520
10484790
10388096
10464802
10508854
10472996
10550374
10586710
10670428
10758937
10759306
10822186
10744308
10843895
10830943
10886616
10964393
11331204
12536006
11656199
11264939
11261253
11230715
11250061
11135757
11112061
11117442
11113824
11028884
10955347
10875846
10936331
10862139
11051396
10832265
10607810
10682040
10891877
10754146
10705806
10608322
10613762
10413656
10523842
10497492
10325129
10293047
10321421
10209110
10117997
10108410
10114159
10184732
10238776
10275243
10301012
10545073
10956307
10529343
10625974
10563546
10594817
10659026
10778121
11013406
13523036
11158520
10920539
10877167
10936982
10878480
10946339
11123704
10950847
11083588
11075612
11043803
11057479
11164500
11011453
11068338
11005921
11073409
11095590
11052740
10980032
11115367
11002596
11005991
11025038
11003526
11045104
11033774
11058069
11017854
11019547
11025618
10961920
11106110
10986294
11154152
11336393
12727148
13103956
11497690
14367188
11329371
11126580
11212210
Total time: 1702319277 nanoseconds