76303957
10868361
10055880
10018530
10227042
10222333
12567757
10356065
10060288
10112488
10273339
10473757
11323661
10978790
11170511
14891959
11869810
12606989
12733510
10169273
10123537
10093022
10053355
10210551
10245348
10179473
10096236
10130330
10149368
10171488
10174874
10237493
10190924
10258261
10221482
10277929
10254514
10308635
10305692
10361406
10434995
10490230
10513793
10518081
10500640
10533490
10541866
10620263
10707219
10732335
10818307
10833848
10858142
10844396
10851381
10921542
10944425
10979482
11097603
11165101
11989216
11278775
12856700
11136770
11310475
11182033
11292853
11141977
11155483
11022033
10984941
10939736
11009499
10916211
10896835
10921653
10700425
10787478
10746994
10868101
10746982
10693552
10682242
10475601
10546194
10712990
10500307
10493244
10462918
10437198
10383226
10363211
10417411
10476663
10495168
10559580
10566041
10772911
10691679
10740130
10802598
10840401
10690526
10765878
10808310
10967579
11634876
11021101
12690266
11288533
11022293
10959163
10993738
11030850
11035427
11053781
11084611
11208212
11143039
11157899
11128702
11079159
11164520
11091283
11116990
11129145
11040165
11020087
11104907
11088678
11108915
11124174
11075654
11058299
11073628
11070734
11045445
11091992
11085823
11067998
11146535
11058652
11071595
11051026
11040358
11057538
11078548
11055435
11036298
11089208
Total time: 1695599819 nanoseconds