81444481
10929697
10097059
11136387
10123206
12283962
10405819
10078753
10042857
10053035
10333603
11304275
10580940
11651247
11301830
10629601
10449542
10928497
10478266
10036383
10045110
10104261
10078722
10185825
10119891
10260425
10162511
10130552
10198629
10150248
10121595
10210100
10261847
10608363
10334985
11386779
10762874
10279271
10340596
10336871
10565541
10602139
10499267
10495428
10435345
10656403
10538049
10594355
10679908
10680818
10814850
10790526
10808849
10816323
10881839
11128501
10988988
10984161
11016741
11162897
11256475
11258156
11235444
11247037
11275439
11206029
11179498
11135335
11158160
11051045
11070102
10942994
11048501
11013806
10915923
10858963
10643999
10776489
10717587
11066314
10827285
11711341
11159340
10539152
10563136
10545532
10545314
10544310
10409205
10419437
10326459
10496330
10417723
10493915
10517860
10493947
10666110
10654939
10650162
10665910
10805523
10930780
10856058
11016461
10941922
11003336
11088486
11066246
11105779
11192633
11164201
11154180
11158688
11181644
11239531
11358015
11272134
11288453
11301920
11350000
11295797
11350271
11259489
11333999
11376441
12166318
11373894
13570217
11554334
11265171
11299434
11357663
11296921
11259328
11302721
11348238
11412437
11328880
11336626
11247015
11248117
11294397
11307940
11271982
11288735
11185960
11315304
11287663
11499220
11274939
Total time: 1704728899 nanoseconds