79193042
10958732
10257890
10541385
10191275
10925569
10206143
10366575
10087089
10990882
11030537
11647340
11525480
11174809
10467055
10359201
10594806
10565181
10749588
10184412
10205952
10206713
10487524
12105303
10484468
10257129
10209299
10386814
10235969
10138605
10164183
10255916
10250026
10548188
10268491
10238173
10237421
10220058
10375703
10342110
10442409
10435004
10431137
10404196
10467866
10479117
10507130
10605215
10654959
10716916
10833145
10766800
10751501
10859715
11082245
11024756
11073598
11818533
11171452
11345921
11172384
11314524
11224252
11254258
11228981
11285959
11092353
11325363
11227358
10977768
11009608
10907355
11235253
10915139
10937382
11096311
10660219
10837363
10659437
10735631
10725161
10833646
10635294
10458057
10576481
10542707
10453569
10479167
10435655
10455753
10505928
10404366
10355284
10702439
10508072
10487533
10611016
10551173
10786537
10684504
10746261
10834527
11114625
11804786
11012434
11324872
10987456
11125997
11082154
11084729
11147267
11215686
11174628
11221577
11520350
11201569
11329831
11239191
11273685
11318340
11291469
11260190
11285037
11311707
11363474
11336165
11203683
11223040
11212830
11522865
11232508
11293403
11279086
11422967
11269828
11241134
11252906
11397248
11251303
11323770
11227398
11294845
11314763
11193895
11035567
11074701
11099839
12251860
13857807
11419680
Total time: 1703697354 nanoseconds