81544505
10884442
10207094
10081968
10103459
11543294
11684910
10429814
10045270
10290862
10988288
10536626
12827545
11239180
12035823
11527404
10701737
10216292
10384419
10226792
10145378
10009963
10111825
10075006
10168933
10172359
10106315
10124348
10112977
10193018
10180304
10213536
10165727
10255095
10240277
10331839
10310490
10282327
10307694
10438912
10463268
10479117
10429785
10635823
10566623
10525765
10550332
10633388
10663716
10751611
10922463
10792658
10819449
10829147
10946729
10893488
11205046
11146596
11129794
12363069
11868477
11930234
12336239
14374883
13449988
11452393
11176853
11233190
11355632
11060323
11051066
11046648
10982016
11127320
10977106
10866898
10684024
10854435
10742414
10898559
10801675
10734660
10882207
10673755
12479488
11696212
11341624
10342480
10660409
10490108
10399137
10405248
10780615
10297745
10348251
10330387
10380241
10393225
10639369
10525565
10593473
10730732
10688011
10731123
10741672
11189747
10922093
11823822
11460477
11132890
10978589
10950206
11020307
11082155
11175240
11122651
11034685
11038932
11125366
11038693
11067176
11085490
11008515
11054072
11069060
10993798
11162435
11014597
11056856
11009257
11037330
11040786
11146215
11062607
11033142
11144552
11430441
12066490
11377872
13255893
14194984
11380637
11129704
11162095
11472962
11085761
11072626
11098325
10978379
11030948
Total time: 1712969873 nanoseconds