77533352
10774805
9955901
10028768
10114330
10409706
12876247
10404296
10051691
10039097
10113177
10201685
10524684
10563216
12482855
11209775
10610374
10292055
11043632
12291995
10083111
10041622
10068123
10096987
10139788
10161348
10198468
10234997
10183029
10150157
10128246
10175585
10210371
10220039
10503353
10439002
12864044
10682701
10382916
10347279
10479758
10441146
10598082
10566552
10505267
10558167
10523291
10598362
10601899
10659337
10901063
10779855
10821283
10825710
10880134
10916692
10981244
11044433
11062517
11156234
11243579
11224262
11246675
11223902
11327517
11174339
11140915
11110448
11081533
11062206
11002925
10955105
10971065
10986243
10904800
10869443
10637295
10776868
10721194
10773372
11069431
11684560
12419406
10865056
10625804
10652314
10564318
10473226
10469239
10387815
10345255
10420097
10451585
10466904
10463248
10534322
10557736
10589766
10650240
10725793
10861589
10890824
10880074
10924858
10933233
10992836
11063128
11082254
11051927
11137589
11202552
11237127
11164770
11201609
11260240
11229633
11272203
11244560
11305926
11323830
11374075
11295496
11322598
11355881
11310444
11333499
12231993
12493726
11811570
11304453
11305125
11305004
11278856
11266401
11264097
11552200
11383032
11350110
11363385
11243719
11264699
11301638
11275820
11319852
11303241
11298081
11262765
11331935
11302239
11234532
Total time: 1703261818 nanoseconds