82622473
10917425
10140379
11152609
10977417
10227364
9984825
10075267
10110803
10156649
10652997
11283464
11056117
11277773
13112524
11608768
10556976
10309278
11009027
10416000
10120361
10124090
10198038
10157561
10222916
10102067
10086889
10100383
10135991
10161058
10231671
10272761
10204279
10228477
10210190
10288138
10245769
10307664
10347521
10358459
10636264
10483696
10534371
10484810
10535043
10574499
10649138
10663677
10722386
10761249
10978791
10871156
10946260
10873781
10887019
10944445
10953242
11018516
11064200
11356444
12573466
13845726
11646939
11276081
11296449
11240805
11166703
11203585
11223711
11012475
11028433
10978339
10991054
10960825
10913238
10917924
10702190
10889191
10748316
10742736
10718749
10736996
10676930
10511740
10610946
10580589
10647647
10485339
10443973
10461915
10403878
10386302
10469981
10474560
10497592
10636446
10645731
10657866
10709954
10700576
10832375
10894931
10937904
10944195
11042200
11152277
11546701
13870643
10998237
11174229
11230956
11193836
11215826
11254602
11303922
11315827
11358786
11311037
11440269
11366211
11305846
11312559
11372012
11347645
11294246
11310545
11245765
11271661
11265311
11270459
11319793
11492489
11354409
11296219
11307650
11357054
11318991
11313542
11346052
11330013
11356231
11370790
11420512
11308432
11320183
11307379
11256545
11271742
11308382
11417566
Total time: 1711014958 nanoseconds