98 102
97 102
97 102
97 102
97 103
97 103
97 103
97 103
97 103
97 103
97 103
97 104
97 105
97 107
97 108
97 110
97 113
97 116
97 119
97 123
97 128
97 133
97 139
97 146
97 153
97 161
97 171
97 180
97 191
97 203
97 215
97 229
97 243
97 258
97 274
97 291
97 310
97 329
97 349
97 371
97 393
97 417
97 442
97 467
97 495
97 522
97 551
98 581
98 611
98 643
98 677
98 711
98 746
98 782
98 819
98 856
98 895
98 935
99 976
99 1017
99 1059
99 1103
99 1147
114 1120
131 1085
149 1052
166 1017
184 982
202 947
220 911
238 875
257 839
275 801
294 765
313 727
331 691
351 653
370 615
389 577
409 539
427 502
447 464
466 425
485 388
504 351
523 313
542 276
561 239
579 201
598 165
617 128
621 153
621 201
621 249
621 295
621 341
621 388
621 432
621 477
620 521
620 563
620 605
620 646
620 686
620 726
619 765
619 802
619 839
619 874
619 909
619 943
619 975
619 1007
619 1037
619 1067
619 1096
619 1123
613 1140
599 1140
585 1140
573 1140
560 1140
548 1140
537 1140
526 1140
516 1140
507 1140
498 1140
489 1140
481 1140
474 1139
467 1140
461 1140
455 1139
450 1139
445 1139
441 1139
437 1139
433 1139
429 1139
427 1139
424 1139
422 1139
420 1139
419 1139
417 1139
416 1139
415 1139
415 1139
414 1139
