99 103
98 103
98 103
98 103
98 104
98 104
98 104
98 104
98 104
98 104
98 104
98 105
98 106
98 108
98 109
98 111
98 114
98 117
98 120
98 124
98 129
98 134
98 140
98 147
98 154
98 162
98 172
98 181
98 192
98 203
98 216
98 229
98 244
98 259
98 275
98 292
98 311
98 330
98 350
98 372
98 394
98 418
98 443
98 468
98 496
98 523
98 552
99 582
99 612
99 644
99 678
99 712
99 747
99 783
99 820
99 857
99 896
99 936
100 977
100 1018
100 1060
100 1104
100 1148
115 1121
132 1086
150 1053
167 1018
185 983
203 948
221 912
239 876
258 840
276 802
295 766
314 728
332 692
352 654
371 615
390 578
410 540
428 503
448 465
467 425
486 389
505 352
524 313
543 277
562 240
580 202
599 166
618 129
622 154
622 202
622 249
622 296
622 342
622 389
622 433
622 478
621 522
621 564
621 606
621 647
621 687
621 727
620 766
620 803
620 840
620 875
620 910
620 944
620 976
620 1008
620 1038
620 1068
620 1097
620 1124
614 1141
600 1141
586 1141
574 1141
561 1141
549 1141
538 1141
527 1141
517 1141
508 1141
499 1141
490 1141
482 1141
475 1140
468 1141
462 1141
456 1140
451 1140
446 1140
442 1140
438 1140
434 1140
430 1140
428 1140
425 1140
423 1140
421 1140
420 1140
418 1140
417 1140
416 1140
416 1140
415 1140
