76288304
10434093
9591403
9090610
9555275
9416464
9523017
12677823
9817269
9475085
9247034
9309251
9502636
10004854
9055172
9187813
9696131
11543474
9415452
9834382
11303523
10072260
9392288
9625077
9526812
9187532
9257755
9166224
9154780
9622462
9152917
9282542
9591965
9569443
9248279
9550166
9228570
9246463
9216086
9476257
9769599
9604310
9117241
9555626
9875188
9350940
10146039
10288638
9577209
9169808
9198272
9166322
9163127
9166202
9728332
9218502
9823802
9086281
9144661
9475655
9655154
9224111
9268435
9222931
9154500
9652689
9378923
9206528
9695620
9137828
9161745
9190327
9662979
9180409
9673078
9181040
9323289
9678700
9569231
9349438
9159029
9142007
9181611
9761524
9315635
9790109
9522624
9263225
9598046
9117891
9161223
8950585
8916101
8932883
8987895
9084778
9470326
9123782
9038251
9103505
9547220
9417626
9272522
9576085
9408439
9619767
8990853
9002663
9162725
9031789
9162725
9480615
9529106
8967439
9077254
9503658
9042188
9434618
9513397
9351982
9046526
9205377
9167394
9019235
9481416
9065091
9047408
9040385
9510102
9168175
9225434
9411464
9430992
9038301
9317527
9168567
8922774
9176662
8930037
8896383
8911432
9057548
9171652
9080512
9264528
8909418
8906743
8901864
8937962
9148288
Total time: 1474461813 nanoseconds