79279665
12540323
9316505
9109445
9557761
9623215
9070482
9570704
9948016
9152466
9719966
9175470
9281399
9420031
9762437
11610542
9273174
10376123
9281850
9447833
8953200
9408188
10014221
9373773
9107381
9563652
9124162
9243077
9648832
9040285
9060493
9568460
9099286
9179186
9708074
9112832
9130094
9662768
9324631
9170279
9593657
9157776
9207981
9716620
9134974
9147227
10096706
9362321
9244539
9604048
9572338
10838996
10384799
9194465
9106080
9331493
9470345
9116478
9673809
9521712
9155492
9496715
9164409
9149510
9642482
9301998
9099957
9726438
9557259
9182553
9458824
9147607
9207229
9522854
9270971
9134833
9701711
9459946
9594429
9688256
9343977
9684018
9589781
9204334
9637432
9125876
9181761
9654633
9183965
9812030
9521111
9221837
9267503
9580834
9196631
9357803
9640457
9260199
9238959
9182694
9353245
9264587
9897791
9539256
10336831
10880063
9281921
9260079
9945652
9144170
9755604
9465917
9263816
9265591
9640306
9560595
9739553
9410493
9559874
9670874
9164048
9518607
9675813
9327608
9367792
9118933
9010609
9645456
9298992
9044242
9228069
9436882
8943442
9522936
9302529
8979521
8993817
9402317
8960364
8905651
9301938
9043040
8947499
9383944
9421113
9302709
9067496
9194936
9001221
8935938
Total time: 1486191639 nanoseconds