79373201
10206273
9554795
9659402
9653671
10286504
9044793
9923019
9559544
9221025
9214544
9214785
9424469
9272142
9615519
11626320
10179855
9754261
9322506
9738952
9390174
9784187
9110118
9506956
10194621
10281645
10034900
9121017
9490674
9465969
9176632
9731598
9402397
9453164
9201809
9545519
9245571
9318539
9123752
9087143
9132929
9110819
9127790
9062767
9172674
9810587
9802943
9351452
9012793
9278985
9498399
9024124
9103744
9139822
9491326
9297008
9857896
9007793
9041907
9254428
9086573
8959993
8815280
8863141
9314061
8858272
8835348
9529509
8877417
8845948
8900931
9354698
9164629
8824039
8938282
9468642
8952629
8860886
9143490
9360298
9363435
9075241
9478300
8854174
8825389
9446992
9131959
8779533
8904789
9305114
8800563
8862089
8869944
9367323
9158788
8951026
9031438
8979630
9144782
9104498
9356561
8968339
8927902
9448264
9468582
9246433
8926311
9129203
9176892
9055283
8962027
9358575
8897857
9368023
9448685
9253567
9030706
9069600
9083987
9174089
9277331
9196079
8839696
8891865
9396116
9348898
8894320
8901653
9128110
9431632
8897094
8948381
8869755
9410362
9257965
9655435
9084348
9536550
9839674
8827483
8838264
8849395
9362362
8843824
9325172
9372402
9591444
9149501
9380997
8897907
Total time: 1460443637 nanoseconds