79905484
9991308
9133903
10059757
9205205
9633453
9305635
9692625
9772365
9160302
9550196
9778977
9304222
9323348
9704097
12324538
9262263
9766063
11835014
9568310
9663349
10515147
9650394
11782285
9750163
9405974
9268074
9492339
9096681
9062887
9657629
9090759
9047107
9566217
9484333
9274045
9482839
9043631
9029725
9074769
9512917
9105047
9113533
9473451
9136346
9120185
9570494
9050927
9104676
9343847
9161854
9087103
9107020
9076093
9052739
9778547
9446290
9127960
9677686
9392899
9108054
9253707
9087023
9040335
9060212
9537983
9409411
9298282
9292821
8880083
8892747
8869903
9110837
8879612
9346984
9070621
9787553
8844305
8885713
9447211
9163157
8905892
8873921
9247014
8821301
8820460
8951236
9302540
9172494
8857621
9412877
9084248
8968799
8879692
9326596
8876175
8928985
9082565
9418057
8932842
8921761
8967008
9447041
8898427
8921951
9503929
9376067
9119284
9472842
8922192
8914708
9488159
9381167
8906232
8936891
8885353
9373773
8856097
8889480
9409530
9252325
9022933
9150202
9213521
8925217
9256783
9457111
9813172
8955466
9699377
9171562
9536169
9752767
8847351
9368675
9332216
8861808
8840348
9340310
8957699
8881064
8893510
9122840
8848373
8834477
8793128
9344508
9240733
8877198
8845127
Total time: 1463678998 nanoseconds