76030160
10608972
9267805
9878615
9353455
9256362
9679800
9026849
9776522
9765482
9191121
9557650
9376108
9515530
9275208
9721579
11918210
9885528
9657949
9594161
9568961
11576236
9505272
9085940
9182422
9576686
9127309
9229732
9551069
9079249
9539266
9043661
9323067
9383592
9563531
8929365
8900761
9422437
9209313
8889811
9277482
9729884
11599710
9138751
9711940
9581055
9321806
9040205
8904568
8856007
9292400
9323298
8903096
8871005
8893450
9376358
9099977
8942981
8915439
8893859
9314521
8920830
9368914
8920039
9233440
9120947
9222668
9149982
8975823
9522644
9359657
8944364
9473682
9161394
9034323
9222479
9412677
8952459
8956276
9387028
9306787
8880263
8942372
9246844
8909628
8898608
8892276
8928283
8904628
8980913
8894440
9406677
9271891
8896383
8953371
9717451
10143705
9850302
8986012
9428316
9056567
9312498
9230523
9031978
9115747
9097974
9606873
8972406
8971354
9009648
9639515
9031919
9239670
9504971
9483740
9026349
9029424
9255560
9004198
9139813
9543944
8982906
9001452
8964562
8958711
8933954
9400865
8990241
9572429
9080801
9037399
9297529
9087193
9564513
9452061
8852109
8921060
9315836
9209814
8948903
9133310
9428467
8900662
9338427
9005620
8915469
8904861
8883499
9348927
9428236
Total time: 1459351100 nanoseconds