79225111
11726729
9561728
9225524
9338517
10021866
12372147
9140473
9065713
9131247
9490384
9586143
9324971
9323609
9777324
9496745
9388602
9670794
9667527
9821548
9912099
9623414
9306927
9192511
9603326
9313851
9699067
9465557
9167234
9613465
9116909
9159249
9525980
9288853
9184537
9788267
9205906
8933814
9087243
8936840
8982886
9183835
9217319
9230423
8991893
8980973
9052007
8969291
8977987
9187232
8970383
9216356
11341684
9059341
9367241
9408028
8965163
8893578
9526191
9218590
9095649
9150232
9438265
8854685
8952109
9463783
9450428
8989849
9163527
9290747
9072928
8993246
9095659
9100448
8918024
9390365
9385375
8938753
9049292
9416343
9244911
9275037
9390495
8951928
8953421
9442754
9315653
8971074
8998467
8984149
9264036
9162545
9235152
9433406
8877477
9466087
9277031
8916832
8937050
9063358
9463202
9157817
9744383
9813993
9069660
9802663
9216107
9804214
9697914
9191359
9260409
9114835
9025126
9062306
9502015
9009877
9012772
9441090
9249749
9298081
9489441
9066865
8989138
9025829
8970413
9448885
9155772
9492718
9085710
9082424
9500923
9326634
8944554
8986513
9020908
9261812
9212489
9563080
8895912
8925027
9496314
9312650
9027360
8995921
9184697
8945867
9042970
9060873
9260279
9066083
Total time: 1464774195 nanoseconds