75648881
10033127
9635649
9168136
9204224
9576155
10116354
10546374
9213112
9622673
9261421
9271902
9823471
9400524
9650235
9985308
9538124
9354728
9854610
9516592
12176097
9771343
10818930
10572624
9757737
9172354
9226746
9509329
9246656
9155913
9651497
9131417
9184216
9612443
8998316
8963181
9002052
8957799
8946858
9430290
9401937
8914908
8947942
8962078
9407437
9029254
9025337
9212029
9114755
8891085
8920308
9109285
8944424
9107711
9006140
9425390
9150765
9696261
9341603
9092613
9419970
9430030
8929135
8936290
8918024
8930959
8972708
9671846
9126988
9249960
9462932
9475527
9094066
9324331
9227368
9611923
9599348
9391739
8923255
9295786
9434257
8971214
8946267
8951246
8915861
8961116
8935327
9437203
9503859
9074469
9134672
9441743
8996923
9658430
9294534
8901162
8956026
8949784
9062778
9335872
9313159
9167184
9044262
9415402
9264167
9531421
9936496
9591484
10182549
9584460
9212390
10203397
9172466
9759721
9628965
8972436
9422305
8951437
9031087
8933615
8995810
9026278
9002032
9519127
9364506
9036017
9017704
8915650
8932230
9306206
9085610
8945195
9123311
9383082
9660414
9436241
9741737
8935637
9460467
9031247
9427316
9288002
9132248
9579812
9104355
8968359
8937181
8968110
8911633
8921871
Total time: 1464177999 nanoseconds