78652915
9890398
9659933
9454144
9651206
9804756
9177423
9826256
9105148
9144882
9742618
9439226
9367051
9172805
9605661
11828712
10570059
10579739
9134352
9501083
11523586
9027911
9147427
9102442
9093215
9111809
9245732
9388131
9420611
9565244
9444487
9348025
9284034
9268375
9237696
9535679
9351433
9607183
9450949
9116749
9524327
9271862
9683247
9047839
9936915
9211029
9147517
9164348
9331033
9598166
9096140
9052668
9132218
9096802
9097843
9204075
9377411
9236044
9144441
9204604
9118883
9110577
9104676
9595742
9219744
9124203
9671795
9213220
9545638
9684399
9090840
9168276
9609297
9113172
9616202
9171322
9520189
9736487
9505221
9280317
9864688
9038151
9146966
9555067
8915870
9262835
9464875
9346401
9003044
9455207
9157155
8868380
9217139
8929838
9437574
8896414
10004563
9005940
9567478
9280307
9565464
8977085
9183075
9218821
9082945
9559133
9427434
9185950
9590492
8929135
8947028
9622092
8954294
8982817
8996802
9496225
9218110
9189366
9394112
8973178
8982466
9612944
9344189
8966445
9137879
9618245
9074299
8862108
9424379
8975262
8912033
8903869
9431502
9293482
9174808
9202430
9150172
8897866
9388331
9341883
8952068
8923136
9439287
9260109
9093064
9361951
9419029
8896233
9638633
9016760
Total time: 1470289409 nanoseconds