75520577
10516418
12506770
9538554
9298210
9643642
9897831
9118923
9627993
9651927
9215325
9721408
9604278
10248923
11837618
9386928
9662498
11490554
9357294
9457752
11320614
9389814
9172093
9349548
9260811
9657308
9556979
9489191
9652830
9377601
9096732
9838981
9204154
9240121
9182052
9194145
9581575
9530840
9309652
9558141
9550006
9069780
9128371
9199085
9086342
8936048
9149691
9081272
8925749
8879040
8979009
9082134
9076072
10022687
9041747
9803273
9646188
9220945
8890812
9269276
9096510
8997544
8857089
8926159
9210947
9100869
8921000
8987435
8957198
8893179
8897536
8951027
9275238
9102892
8930327
9153819
8922472
8893949
8963330
9258676
9129232
9033041
8960396
9263035
8892856
8910701
8920399
8966035
8882938
8895302
8923003
9302339
9110527
8901112
8925789
9202782
9049343
8885964
8987505
9135865
9026098
8966736
9022821
9197831
9088976
9467811
9578650
9327826
9627532
9217871
9760783
9123471
9192872
9027240
9539496
8951597
8992705
8916401
8984750
9436081
8984790
9091982
9411025
8927472
8925448
9084118
8946768
9172835
9003465
9008776
9114073
9052488
9388531
9474553
9254959
8997275
8942590
8947770
9243427
8875524
8967868
9282211
8980452
8967628
9357724
8878048
8909578
8911552
8966618
9158998
Total time: 1456967864 nanoseconds