75552838
10058735
9719465
9351822
10454481
9570825
9137808
9528986
9050384
9869058
9584962
9835604
9593417
9562539
9706641
9178956
9582206
12501262
9623284
9796410
9664973
11017412
10114320
9572699
9887784
9252465
9674000
9549745
9138980
9541229
9140814
9161515
9609227
9210676
9646428
9564142
9238839
9142728
9554014
9128582
9165811
9621861
9166793
9711149
9821788
9388210
9126038
9110607
9144391
9122509
9654693
9100368
9774399
9975658
9703948
11266883
10119109
9417365
9125596
9692745
9332416
9569514
9571706
9145283
9569793
9152206
9207600
9180980
9129505
9089769
9087243
9257835
9243308
9132759
9591334
9076423
9140385
9254108
9372561
9094948
9626911
9471658
9299453
9142688
8913266
8873981
9289765
9370728
8880404
8979330
9549655
9211078
8880102
8955385
9286037
9083967
9076634
9161624
9400564
8910632
9098986
9586154
9332175
9012202
9470786
9036247
9142918
9708426
10027826
10833916
9039533
9000189
9009506
9354036
8945567
9096150
9234390
9215666
9042619
9480965
8970312
9015899
9577369
9185659
9156764
9440740
9675793
9033541
9248888
8926251
8927242
9063027
9077104
9193473
9027561
9264237
9413799
8947402
8964291
9395795
9250921
8982365
8993517
9391436
9041607
8954555
9393630
8942531
8917774
9364807
Total time: 1473692140 nanoseconds