76907903
10505889
9211427
9629946
9458813
9250892
10323544
11905757
9361821
9590171
9157636
9194907
9384353
9643483
10249424
11680132
10518281
11880589
9144881
9326594
9688476
10408925
9675392
10263191
9837058
9182342
9906999
9183916
9172925
9621891
9405182
9094186
9581234
9134542
9160461
9616902
9199366
9580664
9497246
9114274
9398500
9570875
9165671
9140132
9347033
9331163
9679981
9187341
9116480
9283764
9483200
9109465
9280137
9724685
9234681
9197702
9742729
9162536
9214363
9599199
9149512
9122750
9601793
9304242
9155241
9558642
9336312
9185147
9722180
9112741
9645476
9415873
9162738
9649573
9145984
9230814
9642340
10885133
9128792
9069610
9143510
9102251
9255941
9230723
9711271
9620288
9119854
9135685
9567608
9124002
9139362
9428727
9118091
9520700
9607424
9238298
9203635
9563982
9193594
9622993
9438115
9254488
9780320
9203913
9606633
9800287
9441341
9753549
9199777
9179026
8999478
9474643
8995631
9506022
8970753
8941569
9019625
9092964
9422355
8891775
9010971
9351411
9167915
8957178
9235062
9461018
8971235
8977576
9139482
9695570
8977406
9859920
9108323
9762428
9109525
8998466
9150222
9073517
10081398
11107943
9623134
11109356
9899143
9541410
8903268
9185558
9514328
8953060
9041988
9032029
Total time: 1486881006 nanoseconds