80847731
11059131
10643547
10501350
10900322
11492087
10910270
10060478
11089237
10317473
10157201
10567003
11222399
12785736
11353776
10653486
10617338
11210517
10508413
9941443
10530805
10074675
10092499
10195703
10395440
10103970
10100243
10089743
10126152
10099482
10214769
10218947
10209399
10194781
10261377
10282938
10287566
10352488
10287666
10356285
10480260
10489016
10526406
10523681
10501139
10589185
10600736
10730582
10743736
10785835
10838124
11164459
10818587
10924788
11987211
11926276
11266081
11134102
11082645
11178486
11290507
11312779
11291379
11256273
11224593
11376379
11231025
11195528
11169550
11034334
10983488
10989109
11000199
10935809
10944184
10912946
10723128
10803559
10721925
10763594
10797187
10740951
10670097
10563487
10650180
10641544
10578374
10528951
10536565
10438210
10360744
10408955
10572684
10469118
10535985
10649869
10629571
10660509
10685116
10952129
10910471
11973495
11448756
10991083
11110438
11097684
11119525
11062388
11126338
11196921
11257806
11247897
11300997
11284936
11294695
11311046
11267243
11468543
11362503
11318990
11350671
11294044
11364476
11363175
11320984
11407268
11379084
11272574
11386238
11245963
11381358
11371329
11339439
11288052
11269728
11285939
11317938
11327868
11414561
11470506
11345511
11353155
11311618
11304914
12472505
12375433
11787133
11388021
11372572
11310555
Total time: 1711243178 nanoseconds