80902950
10966486
10020204
10032425
10119629
11642302
10422271
10174513
10066902
10073803
10097980
10222945
10672933
11320616
11623344
11968676
10697751
11960069
10239176
11116059
10596779
10068685
10064105
10153414
11040678
11006271
10280293
9943609
10223676
10214399
10258232
10153493
10224257
10223447
10237121
10325809
10512671
10808448
10433413
10520264
10458989
10448581
10490990
10543789
10488456
10600557
10540144
10602771
10782429
10674367
10885614
10900662
10759578
10901785
10975524
10944076
10975213
11058381
11049773
11137428
11253149
11228972
11227159
11262446
11195839
11178087
11156114
11101170
11174279
11003997
11210738
11693046
12651333
14936072
14055380
11246846
10895011
11130736
10785015
11164499
10741724
10742834
10687821
10515477
10565029
10614673
10576303
10452287
10708020
10494296
10429403
10418825
10430266
10563897
10838186
10807998
11017743
11928892
12186827
10823989
10822765
10906133
10887098
11183395
11106441
11232729
11073989
11105910
11185599
11275669
11205659
11245413
11220627
11223882
11222769
12111426
12233535
11418069
12476224
11516813
11323952
11328749
11348016
11323060
11331214
11364228
11532593
11381329
11385447
11323960
11340432
11558813
11285137
11280530
11365558
11296170
11283444
11386699
11382973
11306507
11605791
11294837
11492378
11521104
11383924
11602154
11491097
12049408
11450510
11431413
Total time: 1723483237 nanoseconds