79405664
10958972
10103801
10064887
10143815
11081073
10089434
11483862
10144858
10107908
10195022
10248192
10549462
11052018
11183014
13056890
10559619
11481838
10510769
10172589
10146531
10093261
10137764
10141872
10245078
10155467
10188499
10143685
10160117
10206814
10198418
10388819
10400900
10308586
10346790
10356687
10376303
10304059
10469429
10812065
10626197
12081428
13454978
10838937
10616086
10673214
10577204
10660720
10732475
10704725
10912665
10835860
10805504
10845758
11030156
11006864
11040496
11039303
11077136
11210907
11375718
11253238
11337476
11308301
11281983
11309603
11214805
11155023
11170141
11079279
11057770
11036348
11066665
10995853
10983388
10890624
10709663
10836752
10855697
10754839
10727145
10789312
10718531
10568386
10642496
10646885
11507867
11425873
10912607
10501149
10490208
10554040
10451996
10518031
10519606
10611828
10653356
10665150
10648187
10785545
10917525
10861869
10928966
10978350
10969342
11079699
11098387
11124754
11141256
11215367
11221226
11212029
11240905
11262965
11277012
11266103
11304744
11289135
11419432
11338087
11339119
11325675
11327637
11425342
11387422
11357253
11320194
11327037
11655014
11435410
11291360
12392915
12355227
11808253
11395646
11315636
11336634
11281611
11253479
11242757
11394453
11458074
11346764
11333619
11301499
11253487
11313822
11265512
11249320
11249801
Total time: 1711239778 nanoseconds