78089816
10887187
10098751
10059837
10387615
11164641
10430035
10079564
10106307
10064596
10442399
11088236
10229587
11342036
10383778
12273222
11880450
12205032
10219388
12690016
10895393
10149435
10079386
10099372
10160627
10195024
10099712
10110763
10084865
10120461
10153034
10318856
10143344
10199432
10211102
10213667
10265757
10298146
10345056
10284822
10399798
10479099
10488185
10438642
10482754
10498484
10522331
10632226
10642505
10711778
10766629
10947903
10800203
10824289
10853254
10920801
11017544
11357484
12083774
11492720
11255742
11286581
11328909
11251746
11190208
11197002
11133372
11166123
11521815
11127199
11102765
11085832
11237597
11261554
11063649
10921604
10770877
10912203
10836914
10803700
11024707
11037991
10788872
10827736
10710464
10614514
10783100
10577693
10520848
10478015
10433924
10522058
10515566
10632859
10730662
10643609
10595037
10734860
10628150
10751681
10811706
10877078
11061625
11774381
11877194
11353698
11082776
10998927
11133663
11161324
11195560
11132660
11185781
11295356
11251884
11353287
11270420
11215548
11337236
11256082
11280280
11315234
11284277
11342936
11309764
11265581
11189867
11215097
11285448
11214244
11418349
11444599
11293704
11250561
11292002
11290497
11271111
11267825
11242036
11232199
11351873
11323882
11265410
11261153
11231147
11289355
11276001
11563883
12385263
11487028
Total time: 1706062820 nanoseconds