80364580
10818257
10068203
10123908
11191222
11040937
10164304
10044227
9971089
10047443
10157391
10216221
10340867
10961236
11789959
12748606
10597641
11814135
13402950
13045917
10437879
10088180
10118407
10126172
10163452
10135229
10082108
10123376
10142122
10264182
10255927
10210862
10253051
10178160
10240118
10234646
10281955
10290011
10300671
10406280
10362197
10459320
10463488
10432760
10514454
10494346
10519283
10608291
10657344
10726494
10851379
10939626
10779965
10873571
10965073
10868782
10960345
10972237
11078056
11074370
11190429
11308722
11297691
11202992
11245254
12220631
13928661
11573741
11161935
11091582
10986494
10929576
10992435
10952680
10914018
10925899
10793360
10934636
10798830
10751581
10792358
10696247
10671801
10453099
10535373
10383998
10344203
10238514
10217434
10219979
10101054
10152652
10237281
10407794
10329525
10355905
10391061
10420397
10421018
10496710
10581431
10631365
10668494
10702839
10810011
10780716
10837153
10834497
10906824
10842162
10942421
11100149
12079615
11626911
12967419
11524027
11134583
11060193
11077937
11112101
11076163
11188324
11158488
11144331
11113465
11105338
11026730
11072707
11040095
11028263
11093105
11119735
11054933
11078488
11078448
11062517
11049954
11038713
11104426
11064180
11077766
11058409
11112601
11030286
11055434
11049182
11033102
11050805
11037570
11092334
Total time: 1695762779 nanoseconds