77702361
11090440
10016545
10130460
11197872
10338613
11692445
10442338
10106565
10067792
10246699
11379826
13171874
11257364
10396021
10210651
10314417
10568456
11430010
10544340
9866122
10288999
10125560
10114269
10086898
10153543
10137604
10105313
10149676
10380241
10194100
10285933
10213687
10245687
10215570
10247390
10366395
11168187
10391913
12066670
10554439
10619533
10510967
10466072
10448900
10530274
10557495
10602851
10679115
10693231
10880665
10789683
10788170
10834958
10825090
10880244
10960946
10989780
11043672
11114886
11189347
11222800
11234321
11232688
11244931
11183946
11146155
11108194
11077085
11046958
10984239
10992485
10954033
10929336
10957028
10883960
10688742
10815201
10768433
10752193
10682591
10693191
10708650
10844978
10589255
13594541
10959423
10572714
10501449
10394377
10374911
10346898
10403234
10461053
10269753
10344804
10355765
10436848
10450213
10472766
10585327
10634150
10679185
10752603
10870525
10835409
10978589
10895222
10883290
10873722
10922453
11039975
10944765
10984851
10979440
11146445
11039223
11029014
11099006
11128291
11084308
11071815
11076083
11117511
11144532
11072816
11003886
11021450
11051647
11296779
11204886
14438302
11519569
11116369
11087184
11059492
11032861
11068619
11058109
11113173
11123532
11070703
11096071
11045535
11059932
11051476
11106780
11126979
11046878
11030657
Total time: 1692783091 nanoseconds