75535274
10919477
10042214
10263030
10846860
10850638
10163422
10157360
10507571
10065419
10266166
11039544
12861258
11125476
10608331
10264953
10545272
11824374
12759156
10538840
10194380
10172069
10930639
10289460
10387685
10155858
10136351
10166809
10164484
10231451
11028383
10192066
11474745
10276716
10292246
10367507
10274932
10344003
10373238
10385220
10524723
10458699
10451295
10445003
10465602
10562705
10563717
10654919
10712658
10688392
11105518
10910571
10854435
10852923
10918946
10925639
10963350
10998917
11174539
11427265
11318762
11255061
11295437
11211949
11215616
11258246
11221768
11146275
11168677
11042319
10976865
10966136
10993898
10937542
10903598
10889301
11670974
10948622
12190484
11295917
10885223
10695796
10647495
10541665
10533131
10587582
10852481
10491822
10552425
10471453
10380231
10424124
10496821
10460101
10547486
10538309
10688943
10690065
10666371
10741483
10834718
10887047
10884682
10947992
11024696
11122741
11047008
11087866
11174989
11174860
11245585
11189577
11253718
11226206
11329772
11298493
11289555
11258637
11393932
11279687
11333769
11405794
12331720
12316201
11494352
11646348
11247456
11298152
11307479
11291549
11331655
11380417
11372111
11444687
11436133
11431854
11326816
11264228
11255701
11300977
11329060
11363184
11378283
11331064
11309112
11263046
11333469
11234532
11271200
11481247
Total time: 1706341776 nanoseconds