82806083
10780837
10077049
10261888
11401095
11023474
10611336
10088381
10090314
10335928
10805753
11339360
10101826
11000791
11406686
10132013
10440154
11926606
10228405
10866397
10694033
10040400
10108148
10068673
10187548
10060047
10127866
10081247
10233845
10221081
10153173
10526246
10194341
10315610
10609012
10656542
10407853
10448580
10568115
11332626
11785581
10808899
10399568
10478086
10480530
10522609
10593143
10604093
10650631
10755058
10749237
10759155
10796937
10797939
10864725
10929837
10936309
11039363
11082144
11124915
11358616
11350030
11224723
11339800
11212780
11258787
11246805
11312739
11133922
11063720
10995962
10930548
11009697
10908768
10921201
10933835
10812376
10774684
10701677
10731313
10723618
10640662
10924958
10465521
10756681
11561708
12940568
10897987
10575159
10502000
10350525
10413895
10398725
10505828
10486201
10571030
10593974
10667573
10682691
10965094
10847985
10855978
10977978
11122971
11043001
11142709
11129213
11098645
11179949
11137448
11182303
11179477
11256002
11246955
11278485
11331805
11265861
11295016
11330963
11281410
11379305
11356181
11554565
11342715
11326395
11322788
11227358
11234372
11374937
11370398
11466599
14382536
11678579
11335011
11295135
11290828
11427886
11273956
11330763
11313320
11334190
11361822
11273826
11337797
11350371
11238198
11272093
11324030
11261352
11302370
Total time: 1712659458 nanoseconds