93733958
10729269
11321105
12815673
10365142
9986007
10009131
10014652
10073403
10023870
10348962
11125717
10867570
11446281
12889502
10710023
10638929
10170385
10778332
10258361
9836085
10018960
10027886
10058144
10101715
10079123
10043727
10074885
10096085
10104741
10123697
10089453
10168053
10191195
10154886
10233424
10170516
10214369
10270013
10295762
10447428
10327682
10353180
10500307
10378017
10447658
10494246
10598753
10620063
10662122
10719500
10753514
10693542
10736182
10825881
10938814
10883770
10964923
10992325
11097543
11129825
11089878
11197282
12188410
12122246
11422295
11208092
11071815
11088117
10976114
10922253
10877008
10897276
10889381
10867850
10837393
10568426
10691148
10629771
10650741
10652404
10593844
10675067
10407071
10505968
10508453
10512801
10395410
10380281
10367908
10345666
10279200
10367677
10407041
10471483
10443070
10501249
10549780
10595466
10628719
10753034
10786256
10803408
10896164
10879672
10985342
10996244
11090500
11072356
11122681
11181111
13935113
11530119
11205557
11165501
11162727
11194517
11202912
11302971
11346463
11305927
11346613
11320273
11324170
11331284
11241525
11203523
11267904
11238970
11209735
11251604
11289906
11254800
11267184
11174749
11198364
11222258
11033673
11138621
11037891
10969301
11025798
11012625
10989871
10975113
11015148
11136727
11013675
11025217
11000290
Total time: 1704780050 nanoseconds