79923170
11354771
13103937
11993893
10571592
12193462
11982913
11672347
10879643
14105887
12185875
10566382
11929952
12096819
11613065
11266672
13707003
11991200
12550242
11062667
9952715
10136743
10149325
10079824
10185002
10094452
10124220
10274391
10189501
10207616
10219189
10211553
10320849
10511959
10345996
11117803
11214854
10481682
10356917
10390583
10470571
10427571
10425276
10465081
10476815
10507090
10589837
10692720
10801157
10831793
10873721
11097954
10944196
11003496
10940738
11089287
11908593
11365530
11079549
11198013
11143922
11246474
11386829
11341804
11527184
11215437
12986144
11149662
11100149
10967100
10956347
11026379
11095429
10972660
10954975
10957630
10738025
10790737
10785024
10767592
11507497
10832323
13809087
10612188
10597581
10694634
10686690
10566742
10486321
10419916
10430918
10430086
10472465
10472986
10486692
10781519
10604504
10613722
10693551
10723750
10780385
10956777
11041117
11018325
10946129
11027000
10991503
11214063
11237850
11251914
14165307
11256244
11506315
11795489
14179955
11291611
11662990
11255801
11331674
11349910
11333369
11384153
11332356
11305155
11358878
12223536
12246159
11925355
11576397
11253177
11298822
11272393
11347536
11269417
11327166
11652159
11357235
11332035
11343286
11291900
11264550
11354087
11237177
11266222
11341946
11335913
11278385
11362383
11285640
13223942
Total time: 1744591566 nanoseconds